Picture   Pixel No.      Alpha       Red         Green       Blue
BK           0 =         255           0         162         232
BK           1 =         255           0         162         232
BK           2 =         255           0         162         232
BK           3 =         255           0         162         232
BK           4 =         255           0         162         232
BK           5 =         255           0         162         232
BK           6 =         255           0         162         232
BK           7 =         255           0         162         232
BK           8 =         255           0         162         232
BK           9 =         255           0         162         232
BK          10 =         255           0         162         232
GS          11 =         255         237          28          36
GS          12 =         255         237          28          36
GS          13 =         255         237          28          36
GS          14 =         255         237          28          36
GS          15 =         255         237          28          36
GS          16 =         255         237          28          36
GS          17 =         255         237          28          36
GS          18 =         255         237          28          36
GS          19 =         255         237          28          36
GS          20 =         255         237          28          36
GS          21 =         255         237          28          36
GS          22 =         255         237          28          36
GS          23 =         255         237          28          36
GS          24 =         255         237          28          36
GS          25 =         255         237          28          36
GS          26 =         255         237          28          36
GS          27 =         255         237          28          36
GS          28 =         255         237          28          36
GS          29 =         255         237          28          36
BK          30 =         255           0         162         232
BK          31 =         255           0         162         232
BK          32 =         255           0         162         232
BK          33 =         255           0         162         232
BK          34 =         255           0         162         232
BK          35 =         255           0         162         232
BK          36 =         255           0         162         232
BK          37 =         255           0         162         232
BK          38 =         255           0         162         232
BK          39 =         255           0         162         232
BK          40 =         255           0         162         232
GS          41 =         255         237          28          36
GS          42 =         255         237          28          36
GS          43 =         255         237          28          36
GS          44 =         255         237          28          36
GS          45 =         255         237          28          36
GS          46 =         255         237          28          36
GS          47 =         255         237          28          36
GS          48 =         255         237          28          36
GS          49 =         255         237          28          36
GS          50 =         255         237          28          36
GS          51 =         255         237          28          36
GS          52 =         255         237          28          36
GS          53 =         255         237          28          36
GS          54 =         255         237          28          36
GS          55 =         255         237          28          36
GS          56 =         255         237          28          36
GS          57 =         255         237          28          36
GS          58 =         255         237          28          36
GS          59 =         255         237          28          36
BK          60 =         255           0         162         232
BK          61 =         255           0         162         232
BK          62 =         255           0         162         232
BK          63 =         255           0         162         232
BK          64 =         255           0         162         232
BK          65 =         255           0         162         232
BK          66 =         255           0         162         232
BK          67 =         255           0         162         232
BK          68 =         255           0         162         232
BK          69 =         255           0         162         232
BK          70 =         255           0         162         232
GS          71 =         255         237          28          36
GS          72 =         255         237          28          36
GS          73 =         255         237          28          36
GS          74 =         255         237          28          36
GS          75 =         255         237          28          36
GS          76 =         255         237          28          36
GS          77 =         255         237          28          36
GS          78 =         255         237          28          36
GS          79 =         255         237          28          36
GS          80 =         255         237          28          36
GS          81 =         255         237          28          36
GS          82 =         255         237          28          36
GS          83 =         255         237          28          36
GS          84 =         255         237          28          36
GS          85 =         255         237          28          36
GS          86 =         255         237          28          36
GS          87 =         255         237          28          36
GS          88 =         255         237          28          36
GS          89 =         255         237          28          36
BK          90 =         255           0         162         232
BK          91 =         255           0         162         232
BK          92 =         255           0         162         232
BK          93 =         255           0         162         232
BK          94 =         255           0         162         232
BK          95 =         255           0         162         232
BK          96 =         255           0         162         232
BK          97 =         255           0         162         232
BK          98 =         255           0         162         232
BK          99 =         255           0         162         232
BK         100 =         255           0         162         232
GS         101 =         255         237          28          36
GS         102 =         255         237          28          36
GS         103 =         255         237          28          36
GS         104 =         255         237          28          36
GS         105 =         255         237          28          36
GS         106 =         255         237          28          36
GS         107 =         255         237          28          36
GS         108 =         255         237          28          36
GS         109 =         255         237          28          36
GS         110 =         255         237          28          36
GS         111 =         255         237          28          36
GS         112 =         255         237          28          36
GS         113 =         255         237          28          36
GS         114 =         255         237          28          36
GS         115 =         255         237          28          36
GS         116 =         255         237          28          36
GS         117 =         255         237          28          36
GS         118 =         255         237          28          36
GS         119 =         255         237          28          36
BK         120 =         255           0         162         232
BK         121 =         255           0         162         232
BK         122 =         255           0         162         232
BK         123 =         255           0         162         232
BK         124 =         255           0         162         232
BK         125 =         255           0         162         232
BK         126 =         255           0         162         232
BK         127 =         255           0         162         232
BK         128 =         255           0         162         232
BK         129 =         255           0         162         232
BK         130 =         255           0         162         232
GS         131 =         255         237          28          36
GS         132 =         255         237          28          36
GS         133 =         255         237          28          36
GS         134 =         255         237          28          36
GS         135 =         255         237          28          36
GS         136 =         255         237          28          36
GS         137 =         255         237          28          36
GS         138 =         255         237          28          36
GS         139 =         255         237          28          36
GS         140 =         255         237          28          36
GS         141 =         255         237          28          36
GS         142 =         255         237          28          36
GS         143 =         255         237          28          36
GS         144 =         255         237          28          36
GS         145 =         255         237          28          36
GS         146 =         255         237          28          36
GS         147 =         255         237          28          36
GS         148 =         255         237          28          36
GS         149 =         255         237          28          36
BK         150 =         255           0         162         232
BK         151 =         255           0         162         232
BK         152 =         255           0         162         232
BK         153 =         255           0         162         232
BK         154 =         255           0         162         232
BK         155 =         255           0         162         232
BK         156 =         255           0         162         232
BK         157 =         255           0         162         232
BK         158 =         255           0         162         232
BK         159 =         255           0         162         232
BK         160 =         255           0         162         232
GS         161 =         255         237          28          36
GS         162 =         255         237          28          36
GS         163 =         255         237          28          36
GS         164 =         255         237          28          36
GS         165 =         255         237          28          36
GS         166 =         255         237          28          36
GS         167 =         255         237          28          36
GS         168 =         255         237          28          36
GS         169 =         255         237          28          36
GS         170 =         255         237          28          36
GS         171 =         255         237          28          36
GS         172 =         255         237          28          36
GS         173 =         255         237          28          36
GS         174 =         255         237          28          36
GS         175 =         255         237          28          36
GS         176 =         255         237          28          36
GS         177 =         255         237          28          36
GS         178 =         255         237          28          36
GS         179 =         255         237          28          36
BK         180 =         255           0         162         232
BK         181 =         255           0         162         232
BK         182 =         255           0         162         232
BK         183 =         255           0         162         232
BK         184 =         255           0         162         232
BK         185 =         255           0         162         232
BK         186 =         255           0         162         232
BK         187 =         255           0         162         232
BK         188 =         255           0         162         232
BK         189 =         255           0         162         232
BK         190 =         255           0         162         232
GS         191 =         255         237          28          36
GS         192 =         255         237          28          36
GS         193 =         255         237          28          36
GS         194 =         255         237          28          36
GS         195 =         255         237          28          36
GS         196 =         255         237          28          36
GS         197 =         255         237          28          36
GS         198 =         255         237          28          36
GS         199 =         255         237          28          36
GS         200 =         255         237          28          36
GS         201 =         255         237          28          36
GS         202 =         255         237          28          36
GS         203 =         255         237          28          36
GS         204 =         255         237          28          36
GS         205 =         255         237          28          36
GS         206 =         255         237          28          36
GS         207 =         255         237          28          36
GS         208 =         255         237          28          36
GS         209 =         255         237          28          36
BK         210 =         255           0         162         232
BK         211 =         255           0         162         232
BK         212 =         255           0         162         232
BK         213 =         255           0         162         232
BK         214 =         255           0         162         232
BK         215 =         255           0         162         232
BK         216 =         255           0         162         232
BK         217 =         255           0         162         232
BK         218 =         255           0         162         232
BK         219 =         255           0         162         232
BK         220 =         255           0         162         232
GS         221 =         255         237          28          36
GS         222 =         255         237          28          36
GS         223 =         255         237          28          36
GS         224 =         255         237          28          36
GS         225 =         255         237          28          36
GS         226 =         255         237          28          36
GS         227 =         255         237          28          36
GS         228 =         255         237          28          36
GS         229 =         255         237          28          36
GS         230 =         255         237          28          36
GS         231 =         255         237          28          36
GS         232 =         255         237          28          36
GS         233 =         255         237          28          36
GS         234 =         255         237          28          36
GS         235 =         255         237          28          36
GS         236 =         255         237          28          36
GS         237 =         255         237          28          36
GS         238 =         255         237          28          36
GS         239 =         255         237          28          36
BK         240 =         255           0         162         232
BK         241 =         255           0         162         232
BK         242 =         255           0         162         232
BK         243 =         255           0         162         232
BK         244 =         255           0         162         232
BK         245 =         255           0         162         232
BK         246 =         255           0         162         232
BK         247 =         255           0         162         232
BK         248 =         255           0         162         232
BK         249 =         255           0         162         232
BK         250 =         255           0         162         232
GS         251 =         255         237          28          36
GS         252 =         255         237          28          36
GS         253 =         255         237          28          36
GS         254 =         255         237          28          36
GS         255 =         255         237          28          36
GS         256 =         255         237          28          36
GS         257 =         255         237          28          36
GS         258 =         255         237          28          36
GS         259 =         255         237          28          36
GS         260 =         255         237          28          36
GS         261 =         255         237          28          36
GS         262 =         255         237          28          36
GS         263 =         255         237          28          36
GS         264 =         255         237          28          36
GS         265 =         255         237          28          36
GS         266 =         255         237          28          36
GS         267 =         255         237          28          36
GS         268 =         255         237          28          36
GS         269 =         255         237          28          36
BK         270 =         255           0         162         232
BK         271 =         255           0         162         232
BK         272 =         255           0         162         232
BK         273 =         255           0         162         232
BK         274 =         255           0         162         232
BK         275 =         255           0         162         232
BK         276 =         255           0         162         232
BK         277 =         255           0         162         232
BK         278 =         255           0         162         232
BK         279 =         255           0         162         232
BK         280 =         255           0         162         232
GS         281 =         255         237          28          36
GS         282 =         255         237          28          36
GS         283 =         255         237          28          36
GS         284 =         255         237          28          36
GS         285 =         255         237          28          36
GS         286 =         255         237          28          36
GS         287 =         255         237          28          36
GS         288 =         255         237          28          36
GS         289 =         255         237          28          36
GS         290 =         255         237          28          36
GS         291 =         255         237          28          36
GS         292 =         255         237          28          36
GS         293 =         255         237          28          36
GS         294 =         255         237          28          36
GS         295 =         255         237          28          36
GS         296 =         255         237          28          36
GS         297 =         255         237          28          36
GS         298 =         255         237          28          36
GS         299 =         255         237          28          36
BK         300 =         255           0         162         232
BK         301 =         255           0         162         232
BK         302 =         255           0         162         232
BK         303 =         255           0         162         232
BK         304 =         255           0         162         232
BK         305 =         255           0         162         232
BK         306 =         255           0         162         232
BK         307 =         255           0         162         232
BK         308 =         255           0         162         232
BK         309 =         255           0         162         232
BK         310 =         255           0         162         232
GS         311 =         255         237          28          36
GS         312 =         255         237          28          36
GS         313 =         255         237          28          36
GS         314 =         255         237          28          36
GS         315 =         255         237          28          36
GS         316 =         255         237          28          36
GS         317 =         255         237          28          36
GS         318 =         255         237          28          36
GS         319 =         255         237          28          36
GS         320 =         255         237          28          36
GS         321 =         255         237          28          36
GS         322 =         255         237          28          36
GS         323 =         255         237          28          36
GS         324 =         255         237          28          36
GS         325 =         255         237          28          36
GS         326 =         255         237          28          36
GS         327 =         255         237          28          36
GS         328 =         255         237          28          36
GS         329 =         255         237          28          36
BK         330 =         255           0         162         232
BK         331 =         255           0         162         232
BK         332 =         255           0         162         232
BK         333 =         255           0         162         232
BK         334 =         255           0         162         232
BK         335 =         255           0         162         232
BK         336 =         255           0         162         232
BK         337 =         255           0         162         232
BK         338 =         255           0         162         232
BK         339 =         255           0         162         232
BK         340 =         255           0         162         232
GS         341 =         255         237          28          36
GS         342 =         255         237          28          36
GS         343 =         255         237          28          36
GS         344 =         255         237          28          36
GS         345 =         255         237          28          36
GS         346 =         255         237          28          36
GS         347 =         255         237          28          36
GS         348 =         255         237          28          36
GS         349 =         255         237          28          36
GS         350 =         255         237          28          36
GS         351 =         255         237          28          36
GS         352 =         255         237          28          36
GS         353 =         255         237          28          36
GS         354 =         255         237          28          36
GS         355 =         255         237          28          36
GS         356 =         255         237          28          36
GS         357 =         255         237          28          36
GS         358 =         255         237          28          36
GS         359 =         255         237          28          36
BK         360 =         255           0         162         232
BK         361 =         255           0         162         232
BK         362 =         255           0         162         232
BK         363 =         255           0         162         232
BK         364 =         255           0         162         232
BK         365 =         255           0         162         232
BK         366 =         255           0         162         232
BK         367 =         255           0         162         232
BK         368 =         255           0         162         232
BK         369 =         255           0         162         232
BK         370 =         255           0         162         232
GS         371 =         255         237          28          36
GS         372 =         255         237          28          36
GS         373 =         255         237          28          36
GS         374 =         255         237          28          36
GS         375 =         255         237          28          36
GS         376 =         255         237          28          36
GS         377 =         255         237          28          36
GS         378 =         255         237          28          36
GS         379 =         255         237          28          36
GS         380 =         255         237          28          36
GS         381 =         255         237          28          36
GS         382 =         255         237          28          36
GS         383 =         255         237          28          36
GS         384 =         255         237          28          36
GS         385 =         255         237          28          36
GS         386 =         255         237          28          36
GS         387 =         255         237          28          36
GS         388 =         255         237          28          36
GS         389 =         255         237          28          36
BK         390 =         255           0         162         232
BK         391 =         255           0         162         232
BK         392 =         255           0         162         232
BK         393 =         255           0         162         232
BK         394 =         255           0         162         232
BK         395 =         255           0         162         232
BK         396 =         255           0         162         232
BK         397 =         255           0         162         232
BK         398 =         255           0         162         232
BK         399 =         255           0         162         232
BK         400 =         255           0         162         232
GS         401 =         255         237          28          36
GS         402 =         255         237          28          36
GS         403 =         255         237          28          36
GS         404 =         255         237          28          36
GS         405 =         255         237          28          36
GS         406 =         255         237          28          36
GS         407 =         255         237          28          36
GS         408 =         255         237          28          36
GS         409 =         255         237          28          36
GS         410 =         255         237          28          36
GS         411 =         255         237          28          36
GS         412 =         255         237          28          36
GS         413 =         255         237          28          36
GS         414 =         255         237          28          36
GS         415 =         255         237          28          36
GS         416 =         255         237          28          36
GS         417 =         255         237          28          36
GS         418 =         255         237          28          36
GS         419 =         255         237          28          36
BK         420 =         255           0         162         232
BK         421 =         255           0         162         232
BK         422 =         255           0         162         232
BK         423 =         255           0         162         232
BK         424 =         255           0         162         232
BK         425 =         255           0         162         232
BK         426 =         255           0         162         232
BK         427 =         255           0         162         232
BK         428 =         255           0         162         232
BK         429 =         255           0         162         232
BK         430 =         255           0         162         232
GS         431 =         255         237          28          36
GS         432 =         255         237          28          36
GS         433 =         255         237          28          36
GS         434 =         255         237          28          36
GS         435 =         255         237          28          36
GS         436 =         255         237          28          36
GS         437 =         255         237          28          36
GS         438 =         255         237          28          36
GS         439 =         255         237          28          36
GS         440 =         255         237          28          36
GS         441 =         255         237          28          36
GS         442 =         255         237          28          36
GS         443 =         255         237          28          36
GS         444 =         255         237          28          36
GS         445 =         255         237          28          36
GS         446 =         255         237          28          36
GS         447 =         255         237          28          36
GS         448 =         255         237          28          36
GS         449 =         255         237          28          36
BK         450 =         255           0         162         232
BK         451 =         255           0         162         232
BK         452 =         255           0         162         232
BK         453 =         255           0         162         232
BK         454 =         255           0         162         232
BK         455 =         255           0         162         232
BK         456 =         255           0         162         232
BK         457 =         255           0         162         232
BK         458 =         255           0         162         232
BK         459 =         255           0         162         232
BK         460 =         255           0         162         232
GS         461 =         255         237          28          36
GS         462 =         255         237          28          36
GS         463 =         255         237          28          36
GS         464 =         255         237          28          36
GS         465 =         255         237          28          36
GS         466 =         255         237          28          36
GS         467 =         255         237          28          36
GS         468 =         255         237          28          36
GS         469 =         255         237          28          36
GS         470 =         255         237          28          36
GS         471 =         255         237          28          36
GS         472 =         255         237          28          36
GS         473 =         255         237          28          36
GS         474 =         255         237          28          36
GS         475 =         255         237          28          36
GS         476 =         255         237          28          36
GS         477 =         255         237          28          36
GS         478 =         255         237          28          36
GS         479 =         255         237          28          36
BK         480 =         255           0         162         232
BK         481 =         255           0         162         232
BK         482 =         255           0         162         232
BK         483 =         255           0         162         232
BK         484 =         255           0         162         232
BK         485 =         255           0         162         232
BK         486 =         255           0         162         232
BK         487 =         255           0         162         232
BK         488 =         255           0         162         232
BK         489 =         255           0         162         232
BK         490 =         255           0         162         232
GS         491 =         255         237          28          36
GS         492 =         255         237          28          36
GS         493 =         255         237          28          36
GS         494 =         255         237          28          36
GS         495 =         255         237          28          36
GS         496 =         255         237          28          36
GS         497 =         255         237          28          36
GS         498 =         255         237          28          36
GS         499 =         255         237          28          36
GS         500 =         255         237          28          36
GS         501 =         255         237          28          36
GS         502 =         255         237          28          36
GS         503 =         255         237          28          36
GS         504 =         255         237          28          36
GS         505 =         255         237          28          36
GS         506 =         255         237          28          36
GS         507 =         255         237          28          36
GS         508 =         255         237          28          36
GS         509 =         255         237          28          36
BK         510 =         255           0         162         232
BK         511 =         255           0         162         232
BK         512 =         255           0         162         232
BK         513 =         255           0         162         232
BK         514 =         255           0         162         232
BK         515 =         255           0         162         232
BK         516 =         255           0         162         232
BK         517 =         255           0         162         232
BK         518 =         255           0         162         232
BK         519 =         255           0         162         232
BK         520 =         255           0         162         232
GS         521 =         255         237          28          36
GS         522 =         255         237          28          36
GS         523 =         255         237          28          36
GS         524 =         255         237          28          36
GS         525 =         255         237          28          36
GS         526 =         255         237          28          36
GS         527 =         255         237          28          36
GS         528 =         255         237          28          36
GS         529 =         255         237          28          36
GS         530 =         255         237          28          36
GS         531 =         255         237          28          36
GS         532 =         255         237          28          36
GS         533 =         255         237          28          36
GS         534 =         255         237          28          36
GS         535 =         255         237          28          36
GS         536 =         255         237          28          36
GS         537 =         255         237          28          36
GS         538 =         255         237          28          36
GS         539 =         255         237          28          36
BK         540 =         255           0         162         232
BK         541 =         255           0         162         232
BK         542 =         255           0         162         232
BK         543 =         255           0         162         232
BK         544 =         255           0         162         232
BK         545 =         255           0         162         232
BK         546 =         255           0         162         232
BK         547 =         255           0         162         232
BK         548 =         255           0         162         232
BK         549 =         255           0         162         232
BK         550 =         255           0         162         232
GS         551 =         255         237          28          36
GS         552 =         255         237          28          36
GS         553 =         255         237          28          36
GS         554 =         255         237          28          36
GS         555 =         255         237          28          36
GS         556 =         255         237          28          36
GS         557 =         255         237          28          36
GS         558 =         255         237          28          36
GS         559 =         255         237          28          36
GS         560 =         255         237          28          36
GS         561 =         255         237          28          36
GS         562 =         255         237          28          36
GS         563 =         255         237          28          36
GS         564 =         255         237          28          36
GS         565 =         255         237          28          36
GS         566 =         255         237          28          36
GS         567 =         255         237          28          36
GS         568 =         255         237          28          36
GS         569 =         255         237          28          36
BK         570 =         255           0         162         232
BK         571 =         255           0         162         232
BK         572 =         255           0         162         232
BK         573 =         255           0         162         232
BK         574 =         255           0         162         232
BK         575 =         255           0         162         232
BK         576 =         255           0         162         232
BK         577 =         255           0         162         232
BK         578 =         255           0         162         232
BK         579 =         255           0         162         232
BK         580 =         255           0         162         232
GS         581 =         255         237          28          36
GS         582 =         255         237          28          36
GS         583 =         255         237          28          36
GS         584 =         255         237          28          36
GS         585 =         255         237          28          36
GS         586 =         255         237          28          36
GS         587 =         255         237          28          36
GS         588 =         255         237          28          36
GS         589 =         255         237          28          36
GS         590 =         255         237          28          36
GS         591 =         255         237          28          36
GS         592 =         255         237          28          36
GS         593 =         255         237          28          36
GS         594 =         255         237          28          36
GS         595 =         255         237          28          36
GS         596 =         255         237          28          36
GS         597 =         255         237          28          36
GS         598 =         255         237          28          36
GS         599 =         255         237          28          36
BK         600 =         255           0         162         232
BK         601 =         255           0         162         232
BK         602 =         255           0         162         232
BK         603 =         255           0         162         232
BK         604 =         255           0         162         232
BK         605 =         255           0         162         232
BK         606 =         255           0         162         232
BK         607 =         255           0         162         232
BK         608 =         255           0         162         232
BK         609 =         255           0         162         232
BK         610 =         255           0         162         232
GS         611 =         255         237          28          36
GS         612 =         255         237          28          36
GS         613 =         255         237          28          36
GS         614 =         255         237          28          36
GS         615 =         255         237          28          36
GS         616 =         255         237          28          36
GS         617 =         255         237          28          36
GS         618 =         255         237          28          36
GS         619 =         255         237          28          36
GS         620 =         255         237          28          36
GS         621 =         255         237          28          36
GS         622 =         255         237          28          36
GS         623 =         255         237          28          36
GS         624 =         255         237          28          36
GS         625 =         255         237          28          36
GS         626 =         255         237          28          36
GS         627 =         255         237          28          36
GS         628 =         255         237          28          36
GS         629 =         255         237          28          36
BK         630 =         255           0         162         232
BK         631 =         255           0         162         232
BK         632 =         255           0         162         232
BK         633 =         255           0         162         232
BK         634 =         255           0         162         232
BK         635 =         255           0         162         232
BK         636 =         255           0         162         232
BK         637 =         255           0         162         232
BK         638 =         255           0         162         232
BK         639 =         255           0         162         232
BK         640 =         255           0         162         232
GS         641 =         255         237          28          36
GS         642 =         255         237          28          36
GS         643 =         255         237          28          36
GS         644 =         255         237          28          36
GS         645 =         255         237          28          36
GS         646 =         255         237          28          36
GS         647 =         255         237          28          36
GS         648 =         255         237          28          36
GS         649 =         255         237          28          36
GS         650 =         255         237          28          36
GS         651 =         255         237          28          36
GS         652 =         255         237          28          36
GS         653 =         255         237          28          36
GS         654 =         255         237          28          36
GS         655 =         255         237          28          36
GS         656 =         255         237          28          36
GS         657 =         255         237          28          36
GS         658 =         255         237          28          36
GS         659 =         255         237          28          36
BK         660 =         255           0         162         232
BK         661 =         255           0         162         232
BK         662 =         255           0         162         232
BK         663 =         255           0         162         232
BK         664 =         255           0         162         232
BK         665 =         255           0         162         232
BK         666 =         255           0         162         232
BK         667 =         255           0         162         232
BK         668 =         255           0         162         232
BK         669 =         255           0         162         232
BK         670 =         255           0         162         232
GS         671 =         255         237          28          36
GS         672 =         255         237          28          36
GS         673 =         255         237          28          36
GS         674 =         255         237          28          36
GS         675 =         255         237          28          36
GS         676 =         255         237          28          36
GS         677 =         255         237          28          36
GS         678 =         255         237          28          36
GS         679 =         255         237          28          36
GS         680 =         255         237          28          36
GS         681 =         255         237          28          36
GS         682 =         255         237          28          36
GS         683 =         255         237          28          36
GS         684 =         255         237          28          36
GS         685 =         255         237          28          36
GS         686 =         255         237          28          36
GS         687 =         255         237          28          36
GS         688 =         255         237          28          36
GS         689 =         255         237          28          36
BK         690 =         255           0         162         232
BK         691 =         255           0         162         232
BK         692 =         255           0         162         232
BK         693 =         255           0         162         232
BK         694 =         255           0         162         232
BK         695 =         255           0         162         232
BK         696 =         255           0         162         232
BK         697 =         255           0         162         232
BK         698 =         255           0         162         232
BK         699 =         255           0         162         232
BK         700 =         255           0         162         232
GS         701 =         255         237          28          36
GS         702 =         255         237          28          36
GS         703 =         255         237          28          36
GS         704 =         255         237          28          36
GS         705 =         255         237          28          36
GS         706 =         255         237          28          36
GS         707 =         255         237          28          36
GS         708 =         255         237          28          36
GS         709 =         255         237          28          36
GS         710 =         255         237          28          36
GS         711 =         255         237          28          36
GS         712 =         255         237          28          36
GS         713 =         255         237          28          36
GS         714 =         255         237          28          36
GS         715 =         255         237          28          36
GS         716 =         255         237          28          36
GS         717 =         255         237          28          36
GS         718 =         255         237          28          36
GS         719 =         255         237          28          36
BK         720 =         255           0         162         232
BK         721 =         255           0         162         232
BK         722 =         255           0         162         232
BK         723 =         255           0         162         232
BK         724 =         255           0         162         232
BK         725 =         255           0         162         232
BK         726 =         255           0         162         232
BK         727 =         255           0         162         232
BK         728 =         255           0         162         232
BK         729 =         255           0         162         232
BK         730 =         255           0         162         232
GS         731 =         255         237          28          36
GS         732 =         255         237          28          36
GS         733 =         255         237          28          36
GS         734 =         255         237          28          36
GS         735 =         255         237          28          36
GS         736 =         255         237          28          36
GS         737 =         255         237          28          36
GS         738 =         255         237          28          36
GS         739 =         255         237          28          36
GS         740 =         255         237          28          36
GS         741 =         255         237          28          36
GS         742 =         255         237          28          36
GS         743 =         255         237          28          36
GS         744 =         255         237          28          36
GS         745 =         255         237          28          36
GS         746 =         255         237          28          36
GS         747 =         255         237          28          36
GS         748 =         255         237          28          36
GS         749 =         255         237          28          36
INFO: [USF-XSim-96] XSim completed. Design snapshot 'pixelchanger_behav' loaded.
INFO: [USF-XSim-97] XSim simulation ran for 1000ns
launch_simulation: Time (s): cpu = 00:00:04 ; elapsed = 00:00:11 . Memory (MB): peak = 791.301 ; gain = 3.930